0000: 00 00 00 00 00 00 00 00 3e 41 55 41 5d 49 41 3e
0010: 3e 7f 6b 7f 63 77 7f 3e 36 7f 7f 7f 3e 1c 08 00
0020: 08 1c 3e 7f 3e 1c 08 00 08 1c 1c 6b 7f 6b 08 1c
0030: 08 1c 3e 7f 7f 3e 08 1c 00 00 18 3c 3c 18 00 00
0040: ff ff e7 c3 c3 e7 ff ff 00 3c 66 42 42 66 3c 00
0050: ff c3 99 bd bd 99 c3 ff 0f 03 05 39 48 48 30 00
0060: 1c 22 22 1c 08 1c 08 00 0f 09 0f 08 08 38 30 00
0070: 1f 11 1f 11 11 17 76 60 08 2a 1c 77 1c 2a 08 00
0080: 10 18 1c 1e 1c 18 10 00 04 0c 1c 3c 1c 0c 04 00
0090: 08 1c 3e 08 3e 1c 08 00 14 14 14 14 00 00 14 00
00a0: 3f 49 49 29 09 09 09 00 1c 20 1c 22 22 1c 02 1c
00b0: 00 00 00 00 ff ff ff ff 08 1c 3e 08 3e 1c 08 7f
00c0: 08 1c 3e 08 08 08 08 08 08 08 08 08 08 3e 1c 08
00d0: 00 08 0c fe 0c 08 00 00 00 10 30 7f 30 10 00 00
00e0: 00 40 40 40 7f 00 00 00 00 14 36 7f 36 14 00 00
00f0: 08 1c 3e 7f 00 00 00 00 00 00 00 00 7f 3e 1c 08
0100: 00 00 00 00 00 00 00 00 08 08 08 08 08 00 08 00
0110: 14 14 00 00 00 00 00 00 14 14 3e 14 3e 14 14 00
0120: 08 1e 28 1c 0a 3c 08 00 00 31 32 04 08 13 23 00
0130: 18 24 24 18 25 22 1d 00 08 08 00 00 00 00 00 00
0140: 04 08 10 10 10 08 04 00 10 08 04 04 04 08 10 00
0150: 00 08 2a 1c 1c 2a 08 00 00 08 08 3e 08 08 00 00
0160: 00 00 00 00 00 08 08 10 00 00 00 3e 00 00 00 00
0170: 00 00 00 00 00 00 08 00 00 01 02 04 08 10 20 00
0180: 1c 22 26 2a 32 22 1c 00 08 18 08 08 08 08 1c 00
0190: 1c 22 02 0c 10 20 3e 00 3e 02 04 0c 02 22 1c 00
01a0: 04 0c 14 24 3e 04 04 00 3e 20 3c 02 02 22 1c 00
01b0: 0e 10 20 3c 22 22 1c 00 3e 02 04 08 10 10 10 00
01c0: 1c 22 22 1c 22 22 1c 00 1c 22 22 1e 02 04 38 00
01d0: 00 00 08 00 08 00 00 00 00 00 08 00 08 08 10 00
01e0: 02 04 08 10 08 04 02 00 00 00 3e 00 3e 00 00 00
01f0: 10 08 04 02 04 08 10 00 1c 22 02 04 08 00 08 00
0200: 1c 22 2a 2e 2c 20 1e 00 08 14 22 22 3e 22 22 00
0210: 3c 22 22 3c 22 22 3c 00 1c 22 20 20 20 22 1c 00
0220: 3c 22 22 22 22 22 3c 00 3e 20 20 3c 20 20 3e 00
0230: 3e 20 20 3c 20 20 20 00 1e 20 20 26 22 22 1e 00
0240: 22 22 22 3e 22 22 22 00 1c 08 08 08 08 08 1c 00
0250: 02 02 02 02 02 22 1c 00 22 24 28 30 28 24 22 00
0260: 20 20 20 20 20 20 3e 00 22 36 2a 2a 22 22 22 00
0270: 22 22 32 2a 26 22 22 00 1c 22 22 22 22 22 1c 00
0280: 3c 22 22 3c 20 20 20 00 1c 22 22 22 2a 24 1a 00
0290: 3c 22 22 3c 28 24 22 00 1c 22 20 1c 02 22 1c 00
02a0: 3e 08 08 08 08 08 08 00 22 22 22 22 22 22 1c 00
02b0: 22 22 22 22 22 14 08 00 22 22 22 2a 2a 36 22 00
02c0: 22 22 14 08 14 22 22 00 22 22 14 08 08 08 08 00
02d0: 3e 02 04 08 10 20 3e 00 3e 30 30 30 30 30 3e 00
02e0: 00 20 10 08 04 02 00 00 3e 06 06 06 06 06 3e 00
02f0: 00 00 08 14 22 00 00 00 00 00 00 00 00 00 00 ff
0300: 10 08 04 00 00 00 00 00 00 00 1c 02 1e 22 1e 00
0310: 20 20 3c 22 22 22 3c 00 00 00 1e 20 20 20 1e 00
0320: 02 02 1e 22 22 22 1e 00 00 00 1c 22 3e 20 1e 00
0330: 0c 12 10 38 10 10 10 00 00 00 1c 22 22 1e 02 1c
0340: 20 20 3c 22 22 22 22 00 08 00 18 08 08 08 1c 00
0350: 02 00 06 02 02 02 12 0c 20 20 22 24 38 24 22 00
0360: 18 08 08 08 08 08 1c 00 00 00 36 2a 2a 2a 2a 00
0370: 00 00 3c 22 22 22 22 00 00 00 1c 22 22 22 1c 00
0380: 00 00 3c 22 22 3c 20 20 00 00 1e 22 22 1e 02 02
0390: 00 00 2e 30 20 20 20 00 00 00 1e 20 1c 02 3c 00
03a0: 10 10 38 10 10 12 0c 00 00 00 22 22 22 26 1a 00
03b0: 00 00 22 22 22 14 08 00 00 00 22 22 2a 2a 36 00
03c0: 00 00 22 14 08 14 22 00 00 00 22 22 22 1e 02 1c
03d0: 00 00 3e 04 08 10 3e 00 0e 18 18 30 18 18 0e 00
03e0: 08 08 08 00 08 08 08 00 38 0c 0c 06 0c 0c 38 00
03f0: 1a 2c 00 00 00 00 00 00 08 08 14 14 22 22 41 7f
